0.00 1.66 5.08 6.52 8.83 5.53 4.10 0.75 1.29 3.15 1.28 5.08 3.12 3.94
1.66 0.00 4.09 6.02 9.20 5.76 4.76 1.99 2.94 4.40 2.94 5.18 3.98 3.62
5.08 4.09 0.00 2.45 6.96 4.00 4.50 4.73 6.15 8.22 6.01 3.37 4.64 2.01
6.52 6.02 2.45 0.00 4.80 2.71 4.12 5.96 7.29 9.60 7.10 2.38 4.80 2.59
8.83 9.20 6.96 4.80 0.00 3.44 4.77 8.09 8.93 11.21 8.70 4.06 5.82 5.80
5.53 5.76 4.00 2.71 3.44 0.00 1.81 4.81 5.85 8.22 5.63 0.66 2.81 2.43
4.10 4.76 4.50 4.12 4.77 1.81 0.00 3.35 4.19 6.51 3.96 1.77 1.07 2.50
0.75 1.99 4.73 5.96 8.09 4.81 3.35 0.00 1.41 3.64 1.28 4.38 2.36 3.37
1.29 2.94 6.15 7.29 8.93 5.85 4.19 1.41 0.00 2.37 0.23 5.52 3.12 4.73
3.15 4.40 8.22 9.60 11.21 8.22 6.51 3.64 2.37 0.00 2.59 7.89 5.45 7.02
1.28 2.94 6.01 7.10 8.70 5.63 3.96 1.28 0.23 2.59 0.00 5.30 2.89 4.55
5.08 5.18 3.37 2.38 4.06 0.66 1.77 4.38 5.52 7.89 5.30 0.00 2.61 1.77
3.12 3.98 4.64 4.80 5.82 2.81 1.07 2.36 3.12 5.45 2.89 2.61 0.00 2.67
3.94 3.62 2.01 2.59 5.80 2.43 2.50 3.37 4.73 7.02 4.55 1.77 2.67 0.00